05:27:13 115.39 116.20 115.43
05:27:24 115.38 116.19 115.40
05:27:34 114.73 115.16 114.40
05:27:45 113.39 114.21 113.56
05:27:56 99.44 91.77 82.20
05:28:06 13.97 15.34 14.54
05:28:17 13.96 15.36 14.54
05:28:28 12.06 13.45 12.68
05:28:38 9.93 11.05 10.20
05:28:49 7.06 8.42 7.68
05:29:00 7.23 8.66 7.82
05:29:10 6.12 7.47 6.66
05:29:21 6.10 7.47 6.66
05:29:32 5.55 7.44 6.65
05:29:43 5.55 7.44 6.65
05:29:54 5.66 7.36 6.45
05:30:05 5.51 7.25 6.39
05:30:16 5.43 7.26 6.39
05:30:27 5.44 7.26 6.40
05:30:37 5.44 7.28 6.39
05:30:48 5.44 7.27 6.39
05:30:59 5.42 7.24 6.40
05:31:10 5.42 7.25 6.42
05:31:21 6.38 7.23 7.13
05:31:32 6.33 7.19 7.05
05:31:43 6.36 7.24 7.07
05:31:53 6.34 7.24 7.10
05:32:04 6.35 7.24 7.11
05:32:15 6.35 7.25 7.10
05:32:26 6.34 7.22 7.11
05:32:37 6.35 7.24 7.09
05:32:47 6.36 7.22 7.10
05:32:58 6.34 7.24 7.09
05:33:09 6.34 7.25 7.10
05:33:20 6.35 7.25 7.11
05:33:31 6.36 7.26 7.10
05:33:41 6.34 7.25 7.10
05:33:52 6.31 7.23 7.10
05:34:03 6.27 7.22 7.11
05:34:14 6.22 7.24 7.06
05:34:25 6.27 7.20 7.09
05:34:36 6.30 7.25 7.09
05:34:46 6.27 7.25 7.09
05:34:57 6.27 7.26 7.11
05:35:08 6.30 7.27 7.09
