05:00:36 115.46 116.20 115.44
05:00:47 115.44 116.20 115.42
05:00:58 114.83 115.30 114.31
05:01:08 113.21 114.37 113.55
05:01:19 110.94 111.61 103.67
05:01:30 13.96 15.36 14.57
05:01:40 13.97 15.38 14.57
05:01:51 12.07 13.46 15.22
05:02:02 11.46 12.82 12.08
05:02:12 11.38 12.58 11.95
05:02:23 10.51 12.04 11.26
05:02:34 10.48 11.59 10.83
05:02:45 10.00 11.55 10.77
05:02:55 9.97 11.48 10.72
05:03:06 9.90 11.33 10.66
05:03:17 9.78 11.35 10.55
05:03:27 9.71 11.28 10.49
05:03:38 9.72 11.12 10.40
05:03:48 9.63 10.99 10.24
05:03:59 9.56 10.69 10.15
05:04:10 9.51 10.59 10.11
05:04:21 9.23 10.57 10.01
05:04:31 9.09 10.52 9.97
05:04:42 8.98 10.45 9.94
05:04:53 8.96 10.37 9.85
05:05:03 8.96 10.43 9.73
05:05:14 8.90 10.41 9.77
05:05:25 8.83 10.43 9.76
05:05:36 8.70 10.34 9.72
05:05:46 8.73 10.33 9.67
05:05:57 10.18 10.24 9.37
05:06:08 10.16 11.59 10.83
05:06:18 9.32 10.71 9.92
05:06:29 7.65 8.98 8.15
05:06:40 7.59 8.99 8.18
05:06:50 6.49 7.95 7.11
05:07:01 6.49 7.93 7.15
05:07:12 6.24 7.89 7.11
05:07:22 6.25 7.88 7.11
