04:46:41 115.17 115.39 115.46
04:46:52 115.29 115.39 115.45
04:47:03 114.75 114.39 114.31
04:47:13 113.41 113.42 113.61
04:47:24 92.86 80.04 77.77
04:47:35 14.00 14.52 14.60
04:47:46 13.99 14.55 14.58
04:47:56 12.07 12.63 12.72
04:48:07 11.44 12.04 11.99
04:48:18 11.41 12.00 12.02
04:48:28 11.32 11.94 11.86
04:48:39 11.21 11.80 11.80
04:48:50 11.16 11.75 11.73
04:49:01 11.06 11.59 11.68
04:49:11 11.03 11.58 11.62
04:49:22 10.89 11.51 11.56
04:49:33 10.66 11.27 11.30
04:49:44 9.96 10.60 10.63
04:49:54 9.77 10.33 10.44
04:50:05 9.67 10.30 10.36
04:50:16 9.53 10.17 10.23
04:50:26 9.45 10.10 10.14
04:50:37 9.42 10.04 10.11
04:50:48 9.30 9.95 9.96
04:50:58 9.13 9.81 9.88
04:51:09 9.08 9.77 9.83
04:51:20 9.01 9.72 9.76
04:51:30 8.95 9.61 9.66
04:51:41 8.86 9.53 9.58
04:51:52 8.61 9.31 9.37
04:52:03 7.97 8.70 8.71
04:52:14 6.61 7.22 7.27
04:52:25 115.44 7.09 7.17
04:52:36 115.44 90.48 7.22
04:52:46 115.44 115.36 7.23
04:52:57 115.45 115.37 115.44
